SOURCE:
  - ESPN (http://www.espn.com/college-football/matchup?gameId=<GAME_ID>)


2017
  ESPN game IDs:
    400934573
    400933845

2016
  ESPN game IDs:
    400868946
    400868947
    400868948
    400868949
    400868950
    400868951
    400868952
    400868953
    400868954
    400868919
    400868955
    400868956

2015
  ESPN game IDs:
    400763403
    400756917
    400756922
    400763583
    400756940
    400763584
    400757053
    400763585
    400756978
    400756985
    400756986
    400757090
    400852736


2014
  ESPN game IDs:
    400548008
    400547944
    400547990
    400547818
    400548279
    400547798
    400547767
    400548465
    400548302
    400547980
    400547784
    400548318
    400610214


2013
  ESPN game IDs:
    332430087
    332500130
    332572509
    332640087
    332710087
    332780087
    332920087
    332992005
    333060087
    333130221
    333270087
    333340024
    333620087


2012
  ESPN game IDs:
    322452426
    322520087
    322590127
    322660087
    322800087
    322870087
    322940087
    323010201
    323080087
    323150103
    323220087
    323290030
    330070333


2011
  ESPN game IDs:
    312460087
    312530130
    312600087
    312670221
    312742509
    312810087
    312950087
    313020087
    313090154
    313160087
    313230087
    313300024
    313630087


2010
  ESPN game IDs:
    302470087
    302540087
    302610127
    302680087
    302750103
    302820087
    302890087
    302962426
    303030087
    303170087
    303240087
    303310030
    303652390


2009
  ESPN game IDs:
    292480087
    292550130
    292620087
    292692509
    292760087
    292900087
    292970087
    293040087
    293110087
    293180221
    293250087
    293320024


2008
  ESPN game IDs:
    282500087
    282570087
    282640127
    282710087
    282780087
    282850153
    282990264
    283060087
    283130103
    283202426
    283270087
    283340030
    283590087


2007
  ESPN game IDs:
    272440087
    272510213
    272580130
    272650087
    272722509
    272790026
    272860087
    272930087
    273070087
    273140087
    273210087
    273280024


2006
  ESPN game IDs:
    262450059
    262520087
    262590087
    262660127
    262730087
    262800087
    262940087
    263012426
    263080087
    263152005
    263220087
    263290030
    270030099


2005
  ESPN game IDs:
    252460221
    252530130
    252600087
    252670264
    252742509
    252880087
    252950087
    253090087
    253160087
    253230087
    253300024
    260020194


2004
  ESPN game IDs:
    242480252
    242550087
    242620127
    242690087
    242760087
    242830087
    242902426
    242970087
    243112633
    243180087
    243320030
    243630087


2003
  ESPN game IDs (line scores only):
    232490087
    232560130
    232630087
    232702509
    232840221
    232910087
    232980103
    233050087
    233120087
    233190087
    233330024
    233400183


2002
  ESPN game IDs (line scores only):
    222430120
    222500087
    222570087
    222640127
    222780087
    222850087
    222922005
    222990052
    223060087
    223132426
    223270087
    223340030
    230010087







-----------------------
2010

-----------------------
2011

-----------------------
2012

-----------------------
2013

-----------------------
2014

-----------------------
2015

-----------------------
2016

